[1438.63671875,  61.44672775, 4247.18261719]
[1330.61557617,  65.25611877, 3698.31425781]
[2118.24194336, 118.29579926, 3417.58081055]
[2389.93188477, 114.69564819, 3718.45678711]
[2448.38769531, 118.67447662, 3717.57739258]
[2438.8527832, 116.99928284, 3729.45556641]
[2581.85864258, 131.04501343, 3750.39892578]
[2678.95214844, 141.91001892, 3794.02587891]
[2760.7980957, 144.82170105, 3846.55200195]
[3114.64672852, 155.8717804, 3725.11767578]
[3575.24707031, 190.94186401, 3687.25927734]
[3671.82055664, 211.04792786, 3551.99780273]
[3721.60766602, 228.15800476, 3460.70874023]
[3555.82421875, 258.74514771, 3380.765625]
[3443.12841797, 290.97796631, 3259.2890625]
[3378.66796875, 305.09268188, 3181.7109375]
[3079.32348633, 345.77914429, 2894.67407227]
[3021.75170898, 343.88842773, 2857.33544922]
[3095.28076172, 360.78503418, 2783.97021484]
[3144.36621094, 382.35202026, 2645.7644043]
[3208.18798828, 388.41183472, 2617.02636719]
[3303.50366211, 400.13259888, 2753.0546875]
[3403.18920898, 405.98007202, 2761.55151367]
[3478.62744141, 412.49908447, 2668.12402344]
[3608.9206543, 424.75863647, 2495.33422852]
[3671.44262695, 435.6550293, 2430.42456055]
[3698.01855469, 444.88781738, 2518.75830078]
[3732.63745117, 453.07015991, 2607.484375]
[3876.43139648, 461.68441772, 2534.20581055]
[3973.40234375, 466.57778931, 2547.61157227]
[3983.13647461, 471.2300415, 2620.43115234]
[4034.24926758, 479.33557129, 2680.13183594]
[4101.70068359, 483.33361816, 2721.04589844]
[4310.41357422, 494.12298584, 2747.68676758]
[4424.05810547, 498.18087769, 2789.65307617]
[4763.42919922, 504.38995361, 2938.81689453]
[5016.00537109, 506.58755493, 2871.99584961]
[5154.71240234, 505.56686401, 2917.86279297]
[5269.45068359, 499.71347046, 3080.62988281]
[5350.86474609, 492.29193115, 3247.46875]
[5268.96533203, 484.32318115, 3390.30151367]
[5233.5546875, 473.38995361, 3485.90917969]
[5287.47851562, 469.67718506, 3566.04272461]
[5315.69970703, 455.46789551, 3704.90991211]