[1333.83532715, 60.65019989, 4243.71044922]
[1331.53320312, 67.95085907, 3550.48022461]
[2158.91699219, 121.65611267, 3427.24169922]
[2432.78735352, 116.0799942, 3733.64916992]
[2494.1784668, 121.26277924, 3698.30761719]
[2498.74365234, 121.6912384, 3699.8996582]
[2639.71020508, 137.70549011, 3784.03125]
[2756.5090332, 144.89476013, 3842.50146484]
[2804.36108398, 145.44270325, 3857.21801758]
[3164.02612305, 160.50694275, 3714.55249023]
[3612.01806641, 195.12568665, 3613.6262207]
[3709.06176758, 218.70704651, 3520.67871094]
[3675.27050781, 244.44503784, 3358.99316406]
[3454.28491211, 273.46569824, 3364.19799805]
[3417.36450195, 299.35461426, 3213.87744141]
[3297.83325195, 316.64785767, 3127.31591797]
[3050.453125, 344.85421753, 2867.2553656]
[3027.5703125, 353.44650269, 2783.28613281]
[3200.34326172, 376.57897949, 2730.34619141]
[3129.28222656, 383.35931396, 2578.7331543]
[3305.24560547, 397.48971558, 2725.60644531]
[3339.93969727, 403.86859131, 2796.578125]
[3472.54272461, 411.23062134, 2691.96118164]
[3531.71679688, 416.87753296, 2606.54418945]
[3629.26489258, 433.83792114, 2421.52905273]
[3705.4152832, 443.17095947, 2504.79443359]
[3687.79174805, 448.35385132, 2562.43017578]
[3824.39428711, 456.96099854, 2609.08544922]
[3963.83496094, 464.50964355, 2525.57592773]
[3976.13208008, 467.26385498, 2555.22143555]
[4004.33618164, 477.03924561, 2683.60400391]
[4081.68554688, 481.49304199, 2689.8671875]
[4144.91748047, 485.88601685, 2752.19873047]
[4371.31152344, 495.07388306, 2758.77294922]
[4518.61962891, 504.38369751, 2858.45800781]
[4893.51904297, 503.80276489, 2934.20336914]
[5083.58447266, 506.3572998, 2879.01464844]
[5254.14355469, 502.98202515, 2998.78515625]
[5348.19042969, 494.71392822, 3183.79614258]
[5345.421875, 488.70339966, 3323.44775391]
[5225.92773438, 476.92459106, 3454.27636719]
[5243.390625, 471.14163208, 3530.88549805]
[5309.46289062, 461.07904053, 3616.61889648]
[5373.59619141, 456.23510742, 3772.68188477]
[5488.37011719, 447.29025269, 3796.75268555]
[5514.58447266, 440.08691406, 3864.82861328]
[5487.62011719, 435.22116089, 3935.30737305]
[5651.28417969, 418.4720459, 4143.86474609]
[5706.80126953, 407.51672363, 4258.45458984]
[5622.87011719, 401.48608398, 4204.98632812]
[5549.27050781, 390.32736206, 4129.63916016]
[5438.66308594, 376.72128296, 4029.63720703]
[5335.00683594, 362.55319214, 3968.4675293] 
[5270.52978516, 359.06164551, 3951.16333008]
[5170.45996094, 346.09326172, 3997.11401367]
[5099.02246094, 336.36077881, 3955.03637695]
[4931.61523438, 308.47406006, 3952.64624023]
[4849.00927734, 287.66525269, 4047.390625]
[4623.08642578, 257.41720581, 4133.33740234]
[4513.84277344, 238.15612793, 4269.66748047]
[4371.66699219, 204.78616333, 4518.859375]
[4134.49707031, 182.25195312, 4729.67236328]
[3877.02709961, 160.21156311, 4835.45751953]
[3709.18310547, 145.92907715, 4919.96533203]
[3555.13574219, 134.69970703, 4986.73046875]
[3412.74707031, 123.04035187, 5078.41943359]
[3255.42358398, 114.43367767, 5065.45654297]
[3223.97241211, 105.9686203, 5236.01171875]
[3173.38012695, 103.98246765, 5283.83447266]
[3151.16894531, 110.2638855, 5168.59814453]
[3118.30786133, 112.37968445, 5029.14013672]
[3081.67431641, 115.03774261, 4852.87744141]
[2873.21582031, 104.64363098, 4865.66259766]
[2742.28076172, 98.14568329, 4858.80957031]
[2696.5546875, 104.30843353, 4506.49853516]
[2616.80175781, 102.71838379, 4433.17138672]
[2598.63305664, 102.83786011, 4366.53125]
[2571.64208984, 106.47235107, 4227.12109375]
[2535.35742188, 110.03939056, 4070.94702148]
[2528.33520508, 109.42141724, 4071.99365234]
[4975.1171875, 325.3637085, 3817.75048828]